dist: [0.15394466835729398, -0.4386538373678586, -0.0034293039831339643, -0.008839714053386124,
  0.2300058120866275]
matrix: [518.5478358716834, 0.0, 302.24259358064756, 0.0, 519.7510427886762, 233.89440841397376,
         0.0, 0.0, 1.0]
ret: 0.22157340138342038
