Mesh(
vertices=((-0.5, 0.5, 0.5), (0.5, 0.5, -0.5), (0.5, 0.5, 0.5), (0.5, 0.5, -0.5), (-0.5, -0.5, -0.5), (0.5, -0.5, -0.5), (-0.5, 0.5, -0.5), (-0.5, -0.5, 0.5), (-0.5, -0.5, -0.5), (0.5, -0.5, 0.5), (-0.5, -0.5, -0.5), (-0.5, -0.5, 0.5), (0.5, 0.5, 0.5), (0.5, -0.5, -0.5), (0.5, -0.5, 0.5), (-0.5, 0.5, 0.5), (0.5, -0.5, 0.5), (-0.5, -0.5, 0.5), (-0.5, 0.5, 0.5), (-0.5, 0.5, -0.5), (0.5, 0.5, -0.5), (0.5, 0.5, -0.5), (-0.5, 0.5, -0.5), (-0.5, -0.5, -0.5), (-0.5, 0.5, -0.5), (-0.5, 0.5, 0.5), (-0.5, -0.5, 0.5), (0.5, -0.5, 0.5), (0.5, -0.5, -0.5), (-0.5, -0.5, -0.5), (0.5, 0.5, 0.5), (0.5, 0.5, -0.5), (0.5, -0.5, -0.5), (-0.5, 0.5, 0.5), (0.5, 0.5, 0.5), (0.5, -0.5, 0.5)), 
uvs=((0.250346, 0.750615), (0.500346, 0.500615), (0.500346, 0.750615), (0.500189, 0.500583), (0.250189, 0.250583), (0.500189, 0.250583), (0.251102, 0.500148), (0.001102, 0.250148), (0.251102, 0.250148), (0.500246, -0.000281), (0.250246, 0.249719), (0.250246, -0.000281), (0.750067, 0.501104), (0.500067, 0.251103), (0.750067, 0.251103), (1.000102, 0.500615), (0.750102, 0.250615), (1.000102, 0.250615), (0.250346, 0.750615), (0.250346, 0.500615), (0.500346, 0.500615), (0.500189, 0.500583), (0.250189, 0.500583), (0.250189, 0.250583), (0.251102, 0.500148), (0.001102, 0.500148), (0.001102, 0.250148), (0.500246, -0.000281), (0.500246, 0.249719), (0.250246, 0.249719), (0.750067, 0.501104), (0.500067, 0.501103), (0.500067, 0.251103), (1.000102, 0.500615), (0.750102, 0.500615), (0.750102, 0.250615)), 
normals=[(-0.0, 1.0, 0.0), (-0.0, 1.0, 0.0), (-0.0, 1.0, 0.0), (-0.0, 0.0, -1.0), (-0.0, 0.0, -1.0), (-0.0, 0.0, -1.0), (-1.0, 0.0, 0.0), (-1.0, 0.0, 0.0), (-1.0, 0.0, 0.0), (-0.0, -1.0, 0.0), (-0.0, -1.0, 0.0), (-0.0, -1.0, 0.0), (1.0, 0.0, 0.0), (1.0, 0.0, 0.0), (1.0, 0.0, 0.0), (-0.0, 0.0, 1.0), (-0.0, 0.0, 1.0), (-0.0, 0.0, 1.0), (-0.0, 1.0, 0.0), (-0.0, 1.0, 0.0), (-0.0, 1.0, 0.0), (-0.0, 0.0, -1.0), (-0.0, 0.0, -1.0), (-0.0, 0.0, -1.0), (-1.0, 0.0, 0.0), (-1.0, 0.0, 0.0), (-1.0, 0.0, 0.0), (-0.0, -1.0, 0.0), (-0.0, -1.0, 0.0), (-0.0, -1.0, 0.0), (1.0, 0.0, 0.0), (1.0, 0.0, 0.0), (1.0, 0.0, 0.0), (-0.0, 0.0, 1.0), (-0.0, 0.0, 1.0), (-0.0, 0.0, 1.0)], 
mode='triangle')